36.934
36.009
34.766
35.321
35.133
34.626
34.502
34.751
34.781
34.760
35.461
34.958
35.408
36.686
36.595
36.598
36.504
36.396
36.521
36.657
36.467
36.706
36.597
36.055
34.394
34.146
35.683
34.366
33.893
34.441
34.162
34.053
35.075
34.304
34.281
34.830
36.222
36.710
36.842
36.429
36.266
36.477
36.429
36.142
36.711
36.360
36.127
36.142
34.980
33.799
33.577
34.155
34.486
34.303
34.579
34.451
34.116
34.220
34.491
34.937
35.762
36.644
36.648
36.838
36.636
36.679
36.645
36.457
36.473
36.686
36.394
36.016
36.065
34.466
33.815
34.109
33.969
34.079
34.888
34.111
34.095
34.067
34.677
34.749
35.665
36.662
36.911
36.703
36.357
36.676
36.729
36.773
36.405
36.385
36.412
36.186
35.896
34.646
33.418
34.115
34.241
34.526
34.474
34.618
34.173
34.351
34.043
34.714
35.780
36.711
36.668
36.414
36.468
36.389
36.797
35.992
36.684
36.471
36.199
36.185
34.908
35.280
35.519
34.250
34.211
34.693
34.569
34.206
34.226
34.423
34.707
35.308
36.140
36.652
36.396
36.343
35.818
36.724
36.440
35.650
35.877
35.603
35.641
35.341
35.720
34.181
34.174
34.157
33.788
34.161
34.038
34.485
34.310
34.190
34.734
35.536
36.524
36.692
36.633
36.459
36.274
36.511
35.524
35.693
34.940
35.194
35.048
34.776
35.223
35.533
33.750
33.972
34.242
34.174
34.123
34.145
34.023
33.697
34.275
34.956
35.777
36.631
36.566
36.264
36.605
36.525
36.164
35.242
35.738
35.921
35.755
34.385
35.548
33.862
35.256
33.682
33.496
33.982
33.604
33.880
33.842
33.863
34.133
35.569
35.865
36.413
36.004
35.971
36.350
36.312
35.864
36.284
36.315
36.231
35.949
34.997
35.758
34.115
34.695
33.850
33.836
34.098
34.081
33.994
34.116
33.774
34.306
35.303
36.056
36.347
36.887
36.412
36.595
36.604
36.737
36.363
35.921
36.265
35.039
33.911
34.649
35.239
34.026
34.196
33.756
33.827
35.111
36.616
35.058
35.269
35.726
35.048
35.416
36.084
36.345
36.832
36.639
36.626
36.332
36.224
36.091
36.001
35.604
35.181
34.011
34.362
35.241
34.404
34.353
34.217
35.293
34.880
33.914
34.340
35.752
34.810
35.002
36.219
36.615
36.637
36.650
36.462
36.729
36.607
36.060
36.160
35.784
34.567
33.796
34.279
34.886
34.268
35.428
34.073
34.180
34.420
34.420
35.533
34.037
35.258
35.119
34.777
36.242
36.196
36.348
36.314
36.697
36.259
35.391
35.878
35.132
34.870
34.022
33.926
34.535
34.144
34.600
33.836
33.806
34.780
35.297
33.579
34.239
34.398
35.292
34.977
36.466
36.323
36.214
36.187
36.235
36.602
35.855
36.253
35.516
34.812
33.895
33.990
35.355
34.213
33.868
34.273
34.147
33.888
35.272
33.780
34.062
35.136
34.788
35.837
36.701
36.639
36.647
36.625
36.731
36.353
35.676
36.216
35.715
34.382
33.782
34.419
33.805
34.158
33.991
33.583
34.393
33.913
34.404
35.229
34.527
34.074
35.342
35.382
36.534
36.572
36.661
36.851
36.734
36.494
36.554
36.133
35.739
35.351
34.197
34.581
34.750
34.172
34.652
34.194
34.080
34.399
34.021
34.314
34.735
34.001
34.294
35.717
36.563
36.629
36.453
36.541
36.536
36.459
36.335
36.433
36.245
35.017
33.947
34.415
34.883
33.642
33.834
34.331
33.892
33.845
34.381
34.303
34.121
34.434
35.628
35.835
36.515
36.235
36.258
36.442
36.483
36.528
36.527
36.494
35.472
35.115
34.208
34.126
34.236
35.449
34.166
34.065
34.352
34.393
34.326
34.305
33.863
34.374
35.368
36.060
36.512
36.479
36.513
36.526
36.713
36.235
36.632
36.514
35.629
34.236
35.147
33.941
34.120
34.049
34.556
34.138
34.324
34.210
34.255
34.000
34.525
35.221
34.772
36.334
36.604
36.400
36.433
36.399
36.279
35.738
36.088
36.418
36.126
34.755
34.952
33.813
33.680
34.107
34.160
34.288
33.989
34.525
33.551
33.768
34.033
34.071
35.061
36.150
36.377
36.228
36.278
36.491
36.433
36.311
36.562
36.574
35.991
34.688
33.834
34.639
33.888
33.837
34.288
34.408
34.100
34.338
33.936
34.281
34.025
34.086
35.299
36.028
36.357
36.446
36.089
36.304
36.271
36.119
36.357
36.302
35.463
34.049
34.109
35.173
33.535
33.641
34.107
34.151
34.593
34.062
33.929
34.554
33.886
34.243
34.855
36.246
36.615
36.250
35.836
36.485
36.737
36.403
36.449
36.032
34.298
34.376
33.787
33.943
33.761
33.559
34.601
34.141
33.907
33.953
33.869
34.596
33.861
33.970
35.186
36.141
36.526
35.995
36.325
35.997
36.445
36.560
36.063
36.444
35.204
33.443
34.885
34.077
33.707
34.108
33.725
34.168
34.295
34.038
33.891
34.396
33.596
34.119
35.352
36.159
36.095
36.088
35.806
36.348
36.856
36.505
36.256
35.833
35.088
33.526
34.828
34.413
33.763
34.207
34.548
34.058
34.167
34.199
33.824
33.674
33.983
34.333
35.865
36.389
36.104
36.502
35.700
36.099
36.496
36.534
36.481
36.061
34.921
33.583
34.596
33.761
33.920
34.137
33.878
33.933
33.630
34.705
34.117
33.987
34.233
34.654
35.825
36.336
36.241
35.913
36.104
36.021
36.147
36.614
36.334
35.786
33.916
33.851
34.869
33.758
33.996
34.218
33.983
34.087
33.848
33.980
33.726
33.652
33.915
34.739
36.093
36.292
36.259
36.220
36.127
36.115
36.534
36.489
36.324
35.999
34.251
34.170
33.936
33.996
33.741
34.076
34.751
33.964
34.184
34.082
34.100
33.771
34.764
34.980
36.405
36.449
35.825
36.193
36.062
36.472
36.587
36.556
36.226
35.398
34.104
34.002
34.463
33.634
33.898
34.113
34.507
33.992
34.366
34.229
33.933
33.952
34.792
35.474
36.390
36.397
35.802
36.271
35.961
36.214
36.412
35.901
36.222
35.274
34.882
35.154
33.562
33.866
34.107
33.693
33.800
33.777
34.014
33.641
34.810
34.081
34.681
36.147
36.375
36.434
36.161
35.594
35.997
36.363
36.597
36.267
36.320
35.580
34.568
34.242
34.562
33.913
33.741
34.174
34.015
33.859
33.986
33.996
34.365
33.635
34.971
36.169
36.359
35.671
35.864
36.493
36.559
36.193
36.266
36.002
35.985
34.900
34.046
35.197
33.371
33.355
33.952
34.223
34.061
33.978
33.749
34.445
33.969
33.596
34.574
36.155
36.203
35.824
35.810
35.926
36.123
36.413
36.176
36.367
35.944
34.147
33.407
34.445
33.514
34.180
34.177
34.256
33.952
34.186
33.989
34.386
35.135
34.361
35.134
36.234
35.924
35.678
36.106
36.170
36.557
36.286
36.594
35.878
36.021
34.569
34.641
34.473
34.058
34.329
34.475
34.350
34.161
34.174
34.247
34.185
33.835
34.988
35.657
36.306
36.303
36.314
35.752
35.965
35.755
36.295
36.391
36.203
35.100
34.025
35.399
33.767
34.157
34.382
34.104
34.222
34.614
34.808
33.826
34.028
34.047
34.209
35.518
36.366
36.454
36.228
36.425
35.748
36.527
36.431
36.602
36.275
35.562
34.571
34.803
33.919
